Pearson Correlation Matrix Data
===============================

 contains_hero_keyword  comment_score_per_day  char_count  post_title_length  upvote_ratio  comment_score  author_karma  contains_event_keyword  days_from_event_start  post_title_word_count  pos_sentiment  post_score  contains_team_name  contains_question  word_count   is_self  neg_sentiment  neu_sentiment  compound_sentiment  post_num_comments  contains_player_keyword  comment_hour
              1.000000               0.013425    0.249623           0.013067      0.100570      -0.009456           NaN               -0.015350              -0.041589               0.039083      -0.047912    0.024429            0.012954           0.000072    0.230113 -0.082077       0.026861       0.030099            0.012939          -0.050758                -0.019394     -0.040743
              0.013425               1.000000   -0.008363           0.018754     -0.116627       0.689869           NaN               -0.005100               0.083042              -0.010320       0.003548    0.518475            0.017387           0.001606   -0.004902  0.079011       0.034441      -0.026375           -0.005845           0.079878                 0.074161     -0.048109
              0.249623              -0.008363    1.000000           0.043359     -0.044904      -0.008935           NaN                0.342949               0.118876               0.043066       0.043326    0.028350            0.222590           0.053504    0.962204  0.091746       0.037080      -0.057576            0.245549           0.014498                 0.236574     -0.013371
              0.013067               0.018754    0.043359           1.000000      0.100618      -0.003247           NaN                0.035846               0.154445               0.974666       0.053291    0.018522           -0.083491           0.019439    0.048185 -0.253281       0.016153      -0.052862            0.032492          -0.162065                -0.060561     -0.003633
              0.100570              -0.116627   -0.044904           0.100618      1.000000      -0.096636           NaN               -0.095353              -0.210114               0.143128       0.014307   -0.117638           -0.052779          -0.004046   -0.048437 -0.188137      -0.043770       0.022766            0.008439           0.097037                -0.037006     -0.085481
             -0.009456               0.689869   -0.008935          -0.003247     -0.096636       1.000000           NaN               -0.016079               0.079050              -0.034242      -0.029640    0.551125            0.010578          -0.012768   -0.001374  0.045195       0.022174       0.011281           -0.009710           0.137127                 0.068462     -0.058535
                   NaN                    NaN         NaN                NaN           NaN            NaN           NaN                     NaN                    NaN                    NaN            NaN         NaN                 NaN                NaN         NaN       NaN            NaN            NaN                 NaN                NaN                      NaN           NaN
             -0.015350              -0.005100    0.342949           0.035846     -0.095353      -0.016079           NaN                1.000000               0.171516               0.022331       0.104813   -0.053855            0.284855           0.026592    0.370897  0.244731       0.014080      -0.096192            0.185845           0.111753                 0.273120      0.034745
             -0.041589               0.083042    0.118876           0.154445     -0.210114       0.079050           NaN                0.171516               1.000000               0.109458       0.082616    0.117145            0.149844           0.015114    0.116854  0.199573       0.050128      -0.108967            0.094148           0.311044                 0.252677      0.040940
              0.039083              -0.010320    0.043066           0.974666      0.143128      -0.034242           NaN                0.022331               0.109458               1.000000       0.050507   -0.031709           -0.090318           0.019422    0.046085 -0.235143       0.018671      -0.051728            0.030650          -0.177954                -0.075958     -0.025355
             -0.047912               0.003548    0.043326           0.053291      0.014307      -0.029640           NaN                0.104813               0.082616               0.050507       1.000000    0.003157            0.061626          -0.032030    0.058174  0.041982      -0.231923      -0.726508            0.678247           0.028589                 0.038130     -0.007811
              0.024429               0.518475    0.028350           0.018522     -0.117638       0.551125           NaN               -0.053855               0.117145              -0.031709       0.003157    1.000000           -0.085884          -0.023362    0.028730 -0.050605       0.032344      -0.024958            0.003141           0.138416                -0.001368     -0.134009
              0.012954               0.017387    0.222590          -0.083491     -0.052779       0.010578           NaN                0.284855               0.149844              -0.090318       0.061626   -0.085884            1.000000           0.037488    0.244857  0.296574       0.026180      -0.068764            0.110689           0.123486                 0.691058      0.027908
              0.000072               0.001606    0.053504           0.019439     -0.004046      -0.012768           NaN                0.026592               0.015114               0.019422      -0.032030   -0.023362            0.037488           1.000000    0.036269  0.033476      -0.013281       0.041661            0.008843           0.010605                 0.021622      0.013093
              0.230113              -0.004902    0.962204           0.048185     -0.048437      -0.001374           NaN                0.370897               0.116854               0.046085       0.058174    0.028730            0.244857           0.036269    1.000000  0.101903       0.037088      -0.071548            0.259055           0.005737                 0.255308     -0.028515
             -0.082077               0.079011    0.091746          -0.253281     -0.188137       0.045195           NaN                0.244731               0.199573              -0.235143       0.041982   -0.050605            0.296574           0.033476    0.101903  1.000000       0.056560      -0.067791            0.051820           0.406938                 0.345407      0.117492
              0.026861               0.034441    0.037080           0.016153     -0.043770       0.022174           NaN                0.014080               0.050128               0.018671      -0.231923    0.032344            0.026180          -0.013281    0.037088  0.056560       1.000000      -0.469176           -0.596636           0.024508                 0.013913     -0.020864
              0.030099              -0.026375   -0.057576          -0.052862      0.022766       0.011281           NaN               -0.096192              -0.108967              -0.051728      -0.726508   -0.024958           -0.068764           0.041661   -0.071548 -0.067791      -0.469176       1.000000           -0.195281          -0.038724                -0.045632      0.026244
              0.012939              -0.005845    0.245549           0.032492      0.008439      -0.009710           NaN                0.185845               0.094148               0.030650       0.678247    0.003141            0.110689           0.008843    0.259055  0.051820      -0.596636      -0.195281            1.000000           0.022121                 0.107901      0.002795
             -0.050758               0.079878    0.014498          -0.162065      0.097037       0.137127           NaN                0.111753               0.311044              -0.177954       0.028589    0.138416            0.123486           0.010605    0.005737  0.406938       0.024508      -0.038724            0.022121           1.000000                 0.264598      0.064975
             -0.019394               0.074161    0.236574          -0.060561     -0.037006       0.068462           NaN                0.273120               0.252677              -0.075958       0.038130   -0.001368            0.691058           0.021622    0.255308  0.345407       0.013913      -0.045632            0.107901           0.264598                 1.000000      0.041089
             -0.040743              -0.048109   -0.013371          -0.003633     -0.085481      -0.058535           NaN                0.034745               0.040940              -0.025355      -0.007811   -0.134009            0.027908           0.013093   -0.028515  0.117492      -0.020864       0.026244            0.002795           0.064975                 0.041089      1.000000