2025-07-28 19:39:16,470 - INFO - PRAW Reddit instance successfully initialized.
2025-07-28 19:39:16,471 - INFO - Reddit instance initialized for subreddit: DotA2 within prepare_data.
2025-07-28 19:39:16,501 - INFO - Database 'reddit_dota2_analysis.db' and table 'comments_data' exist and contain 2646 rows.
2025-07-28 19:39:16,502 - INFO - 
Processed data found in 'reddit_dota2_analysis.db'. Loading data directly from database.
2025-07-28 19:39:16,503 - INFO - Loading data from SQLite database: c:\Users\Destiny\OneDrive - HWR Berlin\Desktop\Schule\HWR\1 Abschlussarbeit\Code\data\processed\reddit_dota2_analysis.db
2025-07-28 19:39:16,549 - INFO - Successfully loaded 'comments_data' table with 2646 rows.
2025-07-28 19:41:00,877 - INFO - PRAW Reddit instance successfully initialized.
2025-07-28 19:41:00,878 - INFO - Reddit instance initialized for subreddit: DotA2 within prepare_data.
2025-07-28 19:41:00,882 - INFO - Database 'reddit_dota2_analysis.db' and table 'comments_data' exist and contain 2646 rows.
2025-07-28 19:41:00,882 - INFO - 
Processed data found in 'reddit_dota2_analysis.db'. Loading data directly from database.
2025-07-28 19:41:00,883 - INFO - Loading data from SQLite database: c:\Users\Destiny\OneDrive - HWR Berlin\Desktop\Schule\HWR\1 Abschlussarbeit\Code\data\processed\reddit_dota2_analysis.db
2025-07-28 19:41:00,919 - INFO - Successfully loaded 'comments_data' table with 2646 rows.
2025-07-28 19:41:00,925 - INFO - Loading data from SQLite database: c:\Users\Destiny\OneDrive - HWR Berlin\Desktop\Schule\HWR\1 Abschlussarbeit\Code\data\processed\reddit_dota2_analysis.db
2025-07-28 19:41:00,958 - INFO - Successfully loaded 'comments_data' table with 2646 rows.
2025-07-28 19:41:00,964 - INFO - 
--- Calculating Pearson Correlations for Comments Data ---
2025-07-28 19:41:00,976 - INFO - Correlation Matrix:
                         compound_sentiment  char_count  word_count  days_from_event_start  comment_hour  author_karma  comment_score_per_day  post_score  post_num_comments  upvote_ratio  post_title_length  post_title_word_count  neg_sentiment  neu_sentiment  pos_sentiment  contains_question  contains_team_name  contains_player_keyword  contains_hero_keyword  contains_event_keyword  comment_score  post_score  post_num_comments  upvote_ratio
compound_sentiment                 1.000000    0.247869    0.260030               0.095948      0.001402           NaN              -0.005278    0.006509           0.026765      0.009699           0.032935               0.030867      -0.596371      -0.187600       0.676037           0.007788            0.109103                 0.113573               0.014972                0.191350      -0.007984    0.006509           0.026765      0.009699
char_count                         0.247869    1.000000    0.962810               0.122721     -0.010288           NaN              -0.007701    0.029425           0.021117     -0.034759           0.043678               0.043500       0.032260      -0.056654       0.044895           0.046953            0.228543                 0.238656               0.252861                0.343889      -0.007090    0.029425           0.021117     -0.034759
word_count                         0.260030    0.962810    1.000000               0.119246     -0.022753           NaN              -0.004255    0.029586           0.012554     -0.040025           0.047234               0.044973       0.033039      -0.070955       0.059762           0.029667            0.250764                 0.256986               0.235009                0.370407       0.000377    0.029586           0.012554     -0.040025
days_from_event_start              0.095948    0.122721    0.119246               1.000000      0.044395           NaN               0.082626    0.116534           0.307290     -0.211214           0.157523               0.111985       0.049874      -0.107576       0.081221           0.005136            0.154209                 0.254203              -0.033095                0.174891       0.078853    0.116534           0.307290     -0.211214
comment_hour                       0.001402   -0.010288   -0.022753               0.044395      1.000000           NaN              -0.047312   -0.132752           0.062894     -0.081004          -0.004689              -0.027251      -0.019288       0.024628      -0.007227           0.011296            0.032707                 0.039388              -0.039386                0.042106      -0.056672   -0.132752           0.062894     -0.081004
author_karma                            NaN         NaN         NaN                    NaN           NaN           NaN                    NaN         NaN                NaN           NaN                NaN                    NaN            NaN            NaN            NaN                NaN                 NaN                      NaN                    NaN                     NaN            NaN         NaN                NaN           NaN
comment_score_per_day             -0.005278   -0.007701   -0.004255               0.082626     -0.047312           NaN               1.000000    0.518482           0.080305     -0.117536           0.018360              -0.010567       0.032986      -0.026117       0.003976           0.001193            0.017284                 0.074378               0.013371               -0.003783       0.690044    0.518482           0.080305     -0.117536
post_score                         0.006509    0.029425    0.029586               0.116534     -0.132752           NaN               0.518482    1.000000           0.136961     -0.120637           0.018110              -0.032126       0.029039      -0.025602       0.005729          -0.021567           -0.085241                -0.000067               0.024197               -0.053474       0.551301    1.000000           0.136961     -0.120637
post_num_comments                  0.026765    0.021117    0.012554               0.307290      0.062894           NaN               0.080305    0.136961           1.000000      0.095623          -0.161752              -0.177195       0.026326      -0.041128       0.029223           0.009164            0.134702                 0.267689              -0.048266                0.118435       0.137793    0.136961           1.000000      0.095623
upvote_ratio                       0.009699   -0.034759   -0.040025              -0.211214     -0.081004           NaN              -0.117536   -0.120637           0.095623      1.000000           0.102032               0.144961      -0.041366       0.024220       0.011104          -0.001257           -0.052284                -0.035071               0.100676               -0.096197      -0.098169   -0.120637           0.095623      1.000000
post_title_length                  0.032935    0.043678    0.047234               0.157523     -0.004689           NaN               0.018360    0.018110          -0.161752      0.102032           1.000000               0.974650       0.013745      -0.051492       0.050801           0.019273           -0.086119                -0.059920               0.013105                0.039932      -0.003621    0.018110          -0.161752      0.102032
post_title_word_count              0.030867    0.043500    0.044973               0.111985     -0.027251           NaN              -0.010567   -0.032126          -0.177195      0.144961           0.974650               1.000000       0.015274      -0.048635       0.046785           0.018847           -0.093146                -0.074820               0.038511                0.026237      -0.034443   -0.032126          -0.177195      0.144961
neg_sentiment                     -0.596371    0.032260    0.033039               0.049874     -0.019288           NaN               0.032986    0.029039           0.026326     -0.041366           0.013745               0.015274       1.000000      -0.479406      -0.229320          -0.014494            0.023509                 0.011899               0.024357                0.006771       0.019007    0.029039           0.026326     -0.041366
neu_sentiment                     -0.187600   -0.056654   -0.070955              -0.107576      0.024628           NaN              -0.026117   -0.025602          -0.041128      0.024220          -0.051492              -0.048635      -0.479406       1.000000      -0.724012           0.045406           -0.068063                -0.045162               0.027503               -0.094224       0.011470   -0.025602          -0.041128      0.024220
pos_sentiment                      0.676037    0.044895    0.059762               0.081221     -0.007227           NaN               0.003976    0.005729           0.029223      0.011104           0.050801               0.046785      -0.229320      -0.724012       1.000000          -0.035978            0.062337                 0.042543              -0.044411                0.107408      -0.028324    0.005729           0.029223      0.011104
contains_question                  0.007788    0.046953    0.029667               0.005136      0.011296           NaN               0.001193   -0.021567           0.009164     -0.001257           0.019273               0.018847      -0.014494       0.045406      -0.035978           1.000000            0.017927                 0.013427              -0.003257                0.021648      -0.013908   -0.021567           0.009164     -0.001257
contains_team_name                 0.109103    0.228543    0.250764               0.154209      0.032707           NaN               0.017284   -0.085241           0.134702     -0.052284          -0.086119              -0.093146       0.023509      -0.068063       0.062337           0.017927            1.000000                 0.693949               0.024557                0.290424       0.010592   -0.085241           0.134702     -0.052284
contains_player_keyword            0.113573    0.238656    0.256986               0.254203      0.039388           NaN               0.074378   -0.000067           0.267689     -0.035071          -0.059920              -0.074820       0.011899      -0.045162       0.042543           0.013427            0.693949                 1.000000              -0.010697                0.275655       0.068984   -0.000067           0.267689     -0.035071
contains_hero_keyword              0.014972    0.252861    0.235009              -0.033095     -0.039386           NaN               0.013371    0.024197          -0.048266      0.100676           0.013105               0.038511       0.024357       0.027503      -0.044411          -0.003257            0.024557                -0.010697               1.000000               -0.003341      -0.009298    0.024197          -0.048266      0.100676
contains_event_keyword             0.191350    0.343889    0.370407               0.174891      0.042106           NaN              -0.003783   -0.053474           0.118435     -0.096197           0.039932               0.026237       0.006771      -0.094224       0.107408           0.021648            0.290424                 0.275655              -0.003341                1.000000      -0.012520   -0.053474           0.118435     -0.096197
comment_score                     -0.007984   -0.007090    0.000377               0.078853     -0.056672           NaN               0.690044    0.551301           0.137793     -0.098169          -0.003621              -0.034443       0.019007       0.011470      -0.028324          -0.013908            0.010592                 0.068984              -0.009298               -0.012520       1.000000    0.551301           0.137793     -0.098169
post_score                         0.006509    0.029425    0.029586               0.116534     -0.132752           NaN               0.518482    1.000000           0.136961     -0.120637           0.018110              -0.032126       0.029039      -0.025602       0.005729          -0.021567           -0.085241                -0.000067               0.024197               -0.053474       0.551301    1.000000           0.136961     -0.120637
post_num_comments                  0.026765    0.021117    0.012554               0.307290      0.062894           NaN               0.080305    0.136961           1.000000      0.095623          -0.161752              -0.177195       0.026326      -0.041128       0.029223           0.009164            0.134702                 0.267689              -0.048266                0.118435       0.137793    0.136961           1.000000      0.095623
upvote_ratio                       0.009699   -0.034759   -0.040025              -0.211214     -0.081004           NaN              -0.117536   -0.120637           0.095623      1.000000           0.102032               0.144961      -0.041366       0.024220       0.011104          -0.001257           -0.052284                -0.035071               0.100676               -0.096197      -0.098169   -0.120637           0.095623      1.000000
2025-07-28 19:41:01,635 - INFO - 
--- Generating Exploratory Data Analysis Plots ---
2025-07-28 19:41:02,882 - INFO - 
--- All EDA Plots Generated ---
2025-07-28 21:41:36,360 - INFO - NLTK data 'stopwords' already downloaded.
2025-07-28 21:41:36,362 - INFO - NLTK data 'punkt' already downloaded.
2025-07-28 21:49:06,570 - INFO - NLTK data 'stopwords' already downloaded.
2025-07-28 21:49:06,570 - INFO - NLTK data 'punkt' already downloaded.
2025-07-28 21:49:06,572 - INFO - NLTK data 'wordnet' not found. Downloading now...
2025-07-28 21:49:06,800 - INFO - NLTK data 'wordnet' downloaded successfully.
2025-07-28 21:49:06,802 - INFO - NLTK data 'vader_lexicon' not found. Downloading now...
2025-07-28 21:49:06,803 - INFO - NLTK data 'vader_lexicon' downloaded successfully.
2025-07-28 21:49:23,249 - INFO - NLTK data 'stopwords' already downloaded.
2025-07-28 21:49:23,249 - INFO - NLTK data 'punkt' already downloaded.
2025-07-28 21:49:23,251 - INFO - NLTK data 'wordnet' not found. Downloading now...
2025-07-28 21:49:23,442 - INFO - NLTK data 'wordnet' downloaded successfully.
2025-07-28 21:49:23,444 - INFO - NLTK data 'vader_lexicon' not found. Downloading now...
2025-07-28 21:49:23,444 - INFO - NLTK data 'vader_lexicon' downloaded successfully.
2025-07-28 21:50:30,566 - INFO - NLTK data 'stopwords' already downloaded.
2025-07-28 21:50:30,567 - INFO - NLTK data 'punkt' already downloaded.
2025-07-28 21:50:30,569 - INFO - NLTK data 'wordnet' not found. Downloading now...
2025-07-28 21:50:30,766 - INFO - NLTK data 'wordnet' downloaded successfully.
2025-07-28 21:50:30,767 - INFO - NLTK data 'vader_lexicon' not found. Downloading now...
2025-07-28 21:50:30,768 - INFO - NLTK data 'vader_lexicon' downloaded successfully.
2025-07-28 21:52:05,214 - INFO - NLTK data 'stopwords' already downloaded.
2025-07-28 21:52:05,214 - INFO - NLTK data 'punkt' already downloaded.
2025-07-28 21:52:05,216 - INFO - NLTK data 'wordnet' not found. Downloading now...
2025-07-28 21:52:05,410 - INFO - NLTK data 'wordnet' downloaded successfully.
2025-07-28 21:52:05,412 - INFO - NLTK data 'vader_lexicon' not found. Downloading now...
2025-07-28 21:52:05,412 - INFO - NLTK data 'vader_lexicon' downloaded successfully.
2025-07-28 22:10:52,315 - INFO - NLTK data 'stopwords' already downloaded.
2025-07-28 22:10:52,316 - INFO - NLTK data 'punkt' already downloaded.
2025-07-28 22:10:52,318 - INFO - NLTK data 'wordnet' not found. Downloading now...
2025-07-28 22:10:52,511 - INFO - NLTK data 'wordnet' downloaded successfully.
2025-07-28 22:10:52,512 - INFO - NLTK data 'vader_lexicon' not found. Downloading now...
2025-07-28 22:10:52,513 - INFO - NLTK data 'vader_lexicon' downloaded successfully.
2025-07-28 22:13:32,675 - INFO - Running prepare_data.py as a standalone script...
2025-07-28 22:13:32,675 - INFO - --- Starting Data Preparation Pipeline ---
2025-07-28 22:13:32,800 - INFO - PRAW Reddit instance successfully initialized.
2025-07-28 22:13:32,800 - INFO - Reddit instance initialized for subreddit: DotA2 within prepare_data.
2025-07-28 22:13:32,802 - INFO - Database file 'C:\Users\Destiny\OneDrive - HWR Berlin\Desktop\Schule\HWR\1 Abschlussarbeit\Code\data\processed\reddit_dota2_analysis.db' does not exist.
2025-07-28 22:13:32,802 - INFO - 
No processed data found in 'reddit_dota2_analysis.db'. Proceeding with data collection and processing.
2025-07-28 22:13:32,803 - INFO - 
--- DATENSAMMLUNG ---
2025-07-28 22:13:32,803 - INFO - 
Collecting data for TI8...
2025-07-28 22:13:32,803 - INFO - 
Searching for posts with query: 'OG TI8' from 2018-08-10 to 2018-08-27...
2025-07-28 22:13:43,125 - INFO -   - Found 226 posts via search for 'OG TI8'.
2025-07-28 22:13:58,264 - INFO -   - Found 994 posts via top (time_filter='year').
2025-07-28 22:13:58,265 - INFO - Found 53 unique submissions for 'OG TI8' within the date range.
2025-07-28 22:13:58,265 - INFO - Processing comments from the top 15 highest-scoring submissions...
2025-07-28 22:13:58,265 - INFO -   Processing comments for post 1 of 15 (ID: 9ackao, Score: 20830)...
2025-07-28 22:14:05,399 - INFO -     Found 771 comments (including replies) initially for this post.
2025-07-28 22:14:05,407 - INFO -   Processing comments for post 2 of 15 (ID: 9as9i2, Score: 3321)...
2025-07-28 22:14:12,461 - INFO -     Found 791 comments (including replies) initially for this post.
2025-07-28 22:14:12,467 - INFO -   Processing comments for post 3 of 15 (ID: 9af8zx, Score: 2321)...
2025-07-28 22:14:16,966 - INFO -     Found 606 comments (including replies) initially for this post.
2025-07-28 22:14:16,973 - INFO -   Processing comments for post 4 of 15 (ID: 9a9q34, Score: 1744)...
2025-07-28 22:14:25,440 - INFO -     Found 781 comments (including replies) initially for this post.
2025-07-28 22:14:25,448 - INFO -   Processing comments for post 5 of 15 (ID: 9ad8an, Score: 1712)...
2025-07-28 22:14:28,761 - INFO -     Found 379 comments (including replies) initially for this post.
2025-07-28 22:14:28,767 - INFO -   Processing comments for post 6 of 15 (ID: 98r57a, Score: 1141)...
2025-07-28 22:14:29,682 - INFO -     Found 103 comments (including replies) initially for this post.
2025-07-28 22:14:29,688 - INFO -   Processing comments for post 7 of 15 (ID: 9903ix, Score: 915)...
2025-07-28 22:14:33,805 - INFO -     Found 332 comments (including replies) initially for this post.
2025-07-28 22:14:33,812 - INFO -   Processing comments for post 8 of 15 (ID: 9amzvb, Score: 872)...
2025-07-28 22:14:37,942 - INFO -     Found 346 comments (including replies) initially for this post.
2025-07-28 22:14:37,949 - INFO -   Processing comments for post 9 of 15 (ID: 9718j8, Score: 799)...
2025-07-28 22:14:39,074 - INFO -     Found 148 comments (including replies) initially for this post.
2025-07-28 22:14:39,080 - INFO -   Processing comments for post 10 of 15 (ID: 9ag3r9, Score: 676)...
2025-07-28 22:14:39,868 - INFO -     Found 84 comments (including replies) initially for this post.
2025-07-28 22:14:39,875 - INFO -   Processing comments for post 11 of 15 (ID: 98s1o6, Score: 422)...
2025-07-28 22:14:41,374 - INFO -     Found 188 comments (including replies) initially for this post.
2025-07-28 22:14:41,380 - INFO -   Processing comments for post 12 of 15 (ID: 9a0vk9, Score: 375)...
2025-07-28 22:14:50,517 - INFO -     Found 776 comments (including replies) initially for this post.
2025-07-28 22:14:50,524 - INFO -   Processing comments for post 13 of 15 (ID: 99ju67, Score: 374)...
2025-07-28 22:14:56,923 - INFO -     Found 777 comments (including replies) initially for this post.
2025-07-28 22:14:56,929 - INFO -   Processing comments for post 14 of 15 (ID: 98298a, Score: 361)...
2025-07-28 22:14:58,189 - INFO -     Found 123 comments (including replies) initially for this post.
2025-07-28 22:14:58,196 - INFO -   Processing comments for post 15 of 15 (ID: 9ah7j7, Score: 227)...
2025-07-28 22:14:58,659 - INFO -     Found 36 comments (including replies) initially for this post.
2025-07-28 22:14:58,664 - INFO - Collected 736 comments for 'OG TI8'.
2025-07-28 22:14:58,674 - INFO - Successfully collected 736 comments for TI8.
2025-07-28 22:14:58,674 - INFO - --- Cleaning and Preprocessing for TI8 ---
2025-07-28 22:14:58,674 - INFO - --- Initial Cleaning for TI8 Comments ---
2025-07-28 22:14:58,675 - INFO - Initial number of rows: 736
2025-07-28 22:14:58,680 - INFO - Rows after removing duplicate comments: 736 (Removed: 0)
2025-07-28 22:14:58,681 - INFO - Rows after removing empty comments: 0 (Removed: 0)
2025-07-28 22:14:58,681 - INFO - Final number of rows for TI8 Comments after initial cleaning: 736
2025-07-28 22:15:00,402 - INFO - 
--- Filtering Deleted/Empty Comments for TI8 Comments ---
2025-07-28 22:15:00,402 - INFO - Initial number of rows: 736
2025-07-28 22:15:00,406 - INFO - Rows after removing comments from '[deleted]' authors: 642 (Removed: 94)
2025-07-28 22:15:00,408 - INFO - Rows after removing empty processed comments: 634 (Removed: 8)
2025-07-28 22:15:00,408 - INFO - Final number of rows for TI8 Comments after filtering deleted/empty: 634
2025-07-28 22:15:00,408 - INFO - Performing sentiment analysis and calculating text length...
2025-07-28 22:15:00,516 - INFO - Categorizing time periods and calculating days from event start...
2025-07-28 22:15:00,527 - INFO - --- Feature Engineering ---
2025-07-28 22:15:00,528 - INFO - Calculated 'post_title_length' and 'post_title_word_count'.
2025-07-28 22:15:00,801 - INFO - Added 'event_name' column with value: TI8.
2025-07-28 22:15:00,804 - INFO - 
Collecting data for TI11...
2025-07-28 22:15:00,804 - INFO - 
Searching for posts with query: 'Tundra TI11' from 2022-10-15 to 2022-10-31...
2025-07-28 22:15:05,471 - INFO -   - Found 120 posts via search for 'Tundra TI11'.
2025-07-28 22:15:19,134 - INFO -   - Found 994 posts via top (time_filter='year').
2025-07-28 22:15:19,135 - INFO - Found 55 unique submissions for 'Tundra TI11' within the date range.
2025-07-28 22:15:19,136 - INFO - Processing comments from the top 15 highest-scoring submissions...
2025-07-28 22:15:19,136 - INFO -   Processing comments for post 1 of 15 (ID: yibzgd, Score: 1197)...
2025-07-28 22:15:19,869 - INFO -     Found 77 comments (including replies) initially for this post.
2025-07-28 22:15:19,876 - INFO -   Processing comments for post 2 of 15 (ID: ygiqre, Score: 1001)...
2025-07-28 22:15:20,869 - INFO -     Found 84 comments (including replies) initially for this post.
2025-07-28 22:15:20,876 - INFO -   Processing comments for post 3 of 15 (ID: ycdsr6, Score: 992)...
2025-07-28 22:15:22,104 - INFO -     Found 168 comments (including replies) initially for this post.
2025-07-28 22:15:22,111 - INFO -   Processing comments for post 4 of 15 (ID: yh9ib2, Score: 601)...
2025-07-28 22:15:27,696 - INFO -     Found 784 comments (including replies) initially for this post.
2025-07-28 22:15:27,703 - INFO -   Processing comments for post 5 of 15 (ID: y7jznx, Score: 564)...
2025-07-28 22:15:28,613 - INFO -     Found 90 comments (including replies) initially for this post.
2025-07-28 22:15:28,620 - INFO -   Processing comments for post 6 of 15 (ID: ycns6h, Score: 530)...
2025-07-28 22:15:33,187 - INFO -     Found 507 comments (including replies) initially for this post.
2025-07-28 22:15:33,193 - INFO -   Processing comments for post 7 of 15 (ID: y7sd5r, Score: 467)...
2025-07-28 22:15:33,887 - INFO -     Found 65 comments (including replies) initially for this post.
2025-07-28 22:15:33,894 - INFO -   Processing comments for post 8 of 15 (ID: yicqui, Score: 306)...
2025-07-28 22:15:34,182 - INFO -     Found 8 comments (including replies) initially for this post.
2025-07-28 22:15:34,184 - INFO -   Processing comments for post 9 of 15 (ID: yhdy0o, Score: 283)...
2025-07-28 22:15:34,513 - INFO -     Found 18 comments (including replies) initially for this post.
2025-07-28 22:15:34,516 - INFO -   Processing comments for post 10 of 15 (ID: yhhklb, Score: 264)...
2025-07-28 22:15:36,350 - INFO -     Found 154 comments (including replies) initially for this post.
2025-07-28 22:15:36,356 - INFO -   Processing comments for post 11 of 15 (ID: y5bc7w, Score: 232)...
2025-07-28 22:15:36,751 - INFO -     Found 23 comments (including replies) initially for this post.
2025-07-28 22:15:36,754 - INFO -   Processing comments for post 12 of 15 (ID: ygdopg, Score: 169)...
2025-07-28 22:15:42,409 - INFO -     Found 771 comments (including replies) initially for this post.
2025-07-28 22:15:42,416 - INFO -   Processing comments for post 13 of 15 (ID: yh2mgc, Score: 166)...
2025-07-28 22:15:46,469 - INFO -     Found 514 comments (including replies) initially for this post.
2025-07-28 22:15:46,476 - INFO -   Processing comments for post 14 of 15 (ID: yg7uo2, Score: 151)...
2025-07-28 22:15:51,858 - INFO -     Found 769 comments (including replies) initially for this post.
2025-07-28 22:15:51,865 - INFO -   Processing comments for post 15 of 15 (ID: y4qh93, Score: 148)...
2025-07-28 22:15:53,636 - INFO -     Found 283 comments (including replies) initially for this post.
2025-07-28 22:15:53,642 - INFO - Collected 649 comments for 'Tundra TI11'.
2025-07-28 22:15:53,650 - INFO - Successfully collected 649 comments for TI11.
2025-07-28 22:15:53,650 - INFO - --- Cleaning and Preprocessing for TI11 ---
2025-07-28 22:15:53,650 - INFO - --- Initial Cleaning for TI11 Comments ---
2025-07-28 22:15:53,650 - INFO - Initial number of rows: 649
2025-07-28 22:15:53,651 - INFO - Rows after removing duplicate comments: 649 (Removed: 0)
2025-07-28 22:15:53,652 - INFO - Rows after removing empty comments: 0 (Removed: 0)
2025-07-28 22:15:53,652 - INFO - Final number of rows for TI11 Comments after initial cleaning: 649
2025-07-28 22:15:53,715 - INFO - 
--- Filtering Deleted/Empty Comments for TI11 Comments ---
2025-07-28 22:15:53,715 - INFO - Initial number of rows: 649
2025-07-28 22:15:53,716 - INFO - Rows after removing comments from '[deleted]' authors: 597 (Removed: 52)
2025-07-28 22:15:53,718 - INFO - Rows after removing empty processed comments: 596 (Removed: 1)
2025-07-28 22:15:53,718 - INFO - Final number of rows for TI11 Comments after filtering deleted/empty: 596
2025-07-28 22:15:53,718 - INFO - Performing sentiment analysis and calculating text length...
2025-07-28 22:15:53,810 - INFO - Categorizing time periods and calculating days from event start...
2025-07-28 22:15:53,819 - INFO - --- Feature Engineering ---
2025-07-28 22:15:53,821 - INFO - Calculated 'post_title_length' and 'post_title_word_count'.
2025-07-28 22:15:54,042 - INFO - Added 'event_name' column with value: TI11.
2025-07-28 22:15:54,044 - INFO - 
Collecting data for OG_RM24...
2025-07-28 22:15:54,044 - INFO - 
Searching for posts with query: 'OG' from 2024-07-04 to 2024-07-28...
2025-07-28 22:15:59,277 - INFO -   - Found 237 posts via search for 'OG'.
2025-07-28 22:16:15,320 - INFO -   - Found 994 posts via top (time_filter='year').
2025-07-28 22:16:15,322 - INFO - Found 76 unique submissions for 'OG' within the date range.
2025-07-28 22:16:15,322 - INFO - Processing comments from the top 15 highest-scoring submissions...
2025-07-28 22:16:15,322 - INFO -   Processing comments for post 1 of 15 (ID: 1dyx8li, Score: 3393)...
2025-07-28 22:16:17,574 - INFO -     Found 357 comments (including replies) initially for this post.
2025-07-28 22:16:17,580 - INFO -   Processing comments for post 2 of 15 (ID: 1e9rsvn, Score: 3303)...
2025-07-28 22:16:18,664 - INFO -     Found 158 comments (including replies) initially for this post.
2025-07-28 22:16:18,670 - INFO -   Processing comments for post 3 of 15 (ID: 1dz5st4, Score: 2946)...
2025-07-28 22:16:20,851 - INFO -     Found 275 comments (including replies) initially for this post.
2025-07-28 22:16:20,858 - INFO -   Processing comments for post 4 of 15 (ID: 1e8rg6s, Score: 2716)...
2025-07-28 22:16:23,006 - INFO -     Found 272 comments (including replies) initially for this post.
2025-07-28 22:16:23,013 - INFO -   Processing comments for post 5 of 15 (ID: 1e1wdff, Score: 2696)...
2025-07-28 22:16:25,698 - INFO -     Found 252 comments (including replies) initially for this post.
2025-07-28 22:16:25,704 - INFO -   Processing comments for post 6 of 15 (ID: 1e4hnm6, Score: 2619)...
2025-07-28 22:16:28,025 - INFO -     Found 237 comments (including replies) initially for this post.
2025-07-28 22:16:28,032 - INFO -   Processing comments for post 7 of 15 (ID: 1dzgwso, Score: 2099)...
2025-07-28 22:16:29,431 - INFO -     Found 201 comments (including replies) initially for this post.
2025-07-28 22:16:29,438 - INFO -   Processing comments for post 8 of 15 (ID: 1e10whq, Score: 2013)...
2025-07-28 22:16:30,304 - INFO -     Found 95 comments (including replies) initially for this post.
2025-07-28 22:16:30,310 - INFO -   Processing comments for post 9 of 15 (ID: 1dyf3ib, Score: 1993)...
2025-07-28 22:16:31,466 - INFO -     Found 157 comments (including replies) initially for this post.
2025-07-28 22:16:31,472 - INFO -   Processing comments for post 10 of 15 (ID: 1dzh1r9, Score: 1890)...
2025-07-28 22:16:32,985 - INFO -     Found 176 comments (including replies) initially for this post.
2025-07-28 22:16:32,991 - INFO -   Processing comments for post 11 of 15 (ID: 1dwdw93, Score: 1879)...
2025-07-28 22:16:34,548 - INFO -     Found 190 comments (including replies) initially for this post.
2025-07-28 22:16:34,555 - INFO -   Processing comments for post 12 of 15 (ID: 1e0t3oe, Score: 1876)...
2025-07-28 22:16:36,356 - INFO -     Found 129 comments (including replies) initially for this post.
2025-07-28 22:16:36,364 - INFO -   Processing comments for post 13 of 15 (ID: 1ecksm9, Score: 1771)...
2025-07-28 22:16:40,925 - INFO -     Found 485 comments (including replies) initially for this post.
2025-07-28 22:16:40,932 - INFO -   Processing comments for post 14 of 15 (ID: 1e2tzkm, Score: 1731)...
2025-07-28 22:16:41,588 - INFO -     Found 52 comments (including replies) initially for this post.
2025-07-28 22:16:41,594 - INFO -   Processing comments for post 15 of 15 (ID: 1dzp7q6, Score: 1721)...
2025-07-28 22:16:43,153 - INFO -     Found 115 comments (including replies) initially for this post.
2025-07-28 22:16:43,159 - INFO - Collected 750 comments for 'OG'.
2025-07-28 22:16:43,167 - INFO - Successfully collected 750 comments for OG_RM24.
2025-07-28 22:16:43,167 - INFO - --- Cleaning and Preprocessing for OG_RM24 ---
2025-07-28 22:16:43,167 - INFO - --- Initial Cleaning for OG_RM24 Comments ---
2025-07-28 22:16:43,168 - INFO - Initial number of rows: 750
2025-07-28 22:16:43,169 - INFO - Rows after removing duplicate comments: 750 (Removed: 0)
2025-07-28 22:16:43,170 - INFO - Rows after removing empty comments: 0 (Removed: 0)
2025-07-28 22:16:43,170 - INFO - Final number of rows for OG_RM24 Comments after initial cleaning: 750
2025-07-28 22:16:43,237 - INFO - 
--- Filtering Deleted/Empty Comments for OG_RM24 Comments ---
2025-07-28 22:16:43,237 - INFO - Initial number of rows: 750
2025-07-28 22:16:43,239 - INFO - Rows after removing comments from '[deleted]' authors: 712 (Removed: 38)
2025-07-28 22:16:43,240 - INFO - Rows after removing empty processed comments: 708 (Removed: 4)
2025-07-28 22:16:43,240 - INFO - Final number of rows for OG_RM24 Comments after filtering deleted/empty: 708
2025-07-28 22:16:43,240 - INFO - Performing sentiment analysis and calculating text length...
2025-07-28 22:16:43,541 - INFO - Categorizing time periods and calculating days from event start...
2025-07-28 22:16:43,551 - INFO - --- Feature Engineering ---
2025-07-28 22:16:43,552 - INFO - Calculated 'post_title_length' and 'post_title_word_count'.
2025-07-28 22:16:43,818 - INFO - Added 'event_name' column with value: OG_RM24.
2025-07-28 22:16:43,820 - INFO - 
Collecting data for Topson_RM24...
2025-07-28 22:16:43,820 - INFO - 
Searching for posts with query: 'Topson' from 2024-07-04 to 2024-07-28...
2025-07-28 22:16:48,379 - INFO -   - Found 238 posts via search for 'Topson'.
2025-07-28 22:17:07,559 - INFO -   - Found 994 posts via top (time_filter='year').
2025-07-28 22:17:07,560 - INFO - Found 79 unique submissions for 'Topson' within the date range.
2025-07-28 22:17:07,560 - INFO - Processing comments from the top 15 highest-scoring submissions...
2025-07-28 22:17:07,561 - INFO -   Processing comments for post 1 of 15 (ID: 1dyx8li, Score: 3393)...
2025-07-28 22:17:10,515 - INFO -     Found 357 comments (including replies) initially for this post.
2025-07-28 22:17:10,522 - INFO -   Processing comments for post 2 of 15 (ID: 1e9rsvn, Score: 3304)...
2025-07-28 22:17:12,073 - INFO -     Found 158 comments (including replies) initially for this post.
2025-07-28 22:17:12,080 - INFO -   Processing comments for post 3 of 15 (ID: 1dz5st4, Score: 2944)...
2025-07-28 22:17:14,942 - INFO -     Found 275 comments (including replies) initially for this post.
2025-07-28 22:17:14,949 - INFO -   Processing comments for post 4 of 15 (ID: 1e8rg6s, Score: 2712)...
2025-07-28 22:17:17,347 - INFO -     Found 272 comments (including replies) initially for this post.
2025-07-28 22:17:17,354 - INFO -   Processing comments for post 5 of 15 (ID: 1e1wdff, Score: 2699)...
2025-07-28 22:17:19,695 - INFO -     Found 252 comments (including replies) initially for this post.
2025-07-28 22:17:19,702 - INFO -   Processing comments for post 6 of 15 (ID: 1e4hnm6, Score: 2613)...
2025-07-28 22:17:22,486 - INFO -     Found 237 comments (including replies) initially for this post.
2025-07-28 22:17:22,493 - INFO -   Processing comments for post 7 of 15 (ID: 1dzgwso, Score: 2101)...
2025-07-28 22:17:24,113 - INFO -     Found 201 comments (including replies) initially for this post.
2025-07-28 22:17:24,120 - INFO -   Processing comments for post 8 of 15 (ID: 1e10whq, Score: 2010)...
2025-07-28 22:17:25,338 - INFO -     Found 95 comments (including replies) initially for this post.
2025-07-28 22:17:25,344 - INFO -   Processing comments for post 9 of 15 (ID: 1dyf3ib, Score: 1993)...
2025-07-28 22:17:26,756 - INFO -     Found 157 comments (including replies) initially for this post.
2025-07-28 22:17:26,762 - INFO -   Processing comments for post 10 of 15 (ID: 1dzh1r9, Score: 1888)...
2025-07-28 22:17:28,144 - INFO -     Found 176 comments (including replies) initially for this post.
2025-07-28 22:17:28,150 - INFO -   Processing comments for post 11 of 15 (ID: 1e0t3oe, Score: 1875)...
2025-07-28 22:17:30,056 - INFO -     Found 129 comments (including replies) initially for this post.
2025-07-28 22:17:30,063 - INFO -   Processing comments for post 12 of 15 (ID: 1dwdw93, Score: 1870)...
2025-07-28 22:17:31,641 - INFO -     Found 190 comments (including replies) initially for this post.
2025-07-28 22:17:31,648 - INFO -   Processing comments for post 13 of 15 (ID: 1ecksm9, Score: 1781)...
2025-07-28 22:17:36,778 - INFO -     Found 485 comments (including replies) initially for this post.
2025-07-28 22:17:36,785 - INFO -   Processing comments for post 14 of 15 (ID: 1e2tzkm, Score: 1729)...
2025-07-28 22:17:37,504 - INFO -     Found 52 comments (including replies) initially for this post.
2025-07-28 22:17:37,511 - INFO -   Processing comments for post 15 of 15 (ID: 1e3bng7, Score: 1721)...
2025-07-28 22:17:41,474 - INFO -     Found 523 comments (including replies) initially for this post.
2025-07-28 22:17:41,481 - INFO - Collected 750 comments for 'Topson'.
2025-07-28 22:17:41,489 - INFO - Successfully collected 750 comments for Topson_RM24.
2025-07-28 22:17:41,489 - INFO - --- Cleaning and Preprocessing for Topson_RM24 ---
2025-07-28 22:17:41,490 - INFO - --- Initial Cleaning for Topson_RM24 Comments ---
2025-07-28 22:17:41,490 - INFO - Initial number of rows: 750
2025-07-28 22:17:41,491 - INFO - Rows after removing duplicate comments: 750 (Removed: 0)
2025-07-28 22:17:41,492 - INFO - Rows after removing empty comments: 0 (Removed: 0)
2025-07-28 22:17:41,492 - INFO - Final number of rows for Topson_RM24 Comments after initial cleaning: 750
2025-07-28 22:17:41,560 - INFO - 
--- Filtering Deleted/Empty Comments for Topson_RM24 Comments ---
2025-07-28 22:17:41,561 - INFO - Initial number of rows: 750
2025-07-28 22:17:41,562 - INFO - Rows after removing comments from '[deleted]' authors: 711 (Removed: 39)
2025-07-28 22:17:41,563 - INFO - Rows after removing empty processed comments: 708 (Removed: 3)
2025-07-28 22:17:41,563 - INFO - Final number of rows for Topson_RM24 Comments after filtering deleted/empty: 708
2025-07-28 22:17:41,563 - INFO - Performing sentiment analysis and calculating text length...
2025-07-28 22:17:41,668 - INFO - Categorizing time periods and calculating days from event start...
2025-07-28 22:17:41,679 - INFO - --- Feature Engineering ---
2025-07-28 22:17:41,680 - INFO - Calculated 'post_title_length' and 'post_title_word_count'.
2025-07-28 22:17:41,944 - INFO - Added 'event_name' column with value: Topson_RM24.
2025-07-28 22:17:41,946 - INFO - 
--- Saving processed data to SQLite database ---
2025-07-28 22:17:41,951 - INFO - Saving data to SQLite database: C:\Users\Destiny\OneDrive - HWR Berlin\Desktop\Schule\HWR\1 Abschlussarbeit\Code\data\processed\reddit_dota2_analysis.db
2025-07-28 22:17:42,041 - INFO - Successfully saved 'comments_data' table with 2646 rows.
2025-07-28 22:17:42,041 - INFO - 
--- Data storage in SQLite complete ---
2025-07-28 22:17:42,041 - INFO - --- Data Preparation Pipeline Completed ---
2025-07-28 22:17:42,043 - INFO - Data preparation successful. Prepared DataFrame shape: (2646, 40)
2025-07-28 22:51:50,073 - INFO - Running prepare_data.py as a standalone script...
2025-07-28 22:51:50,073 - INFO - --- Starting Data Preparation Pipeline ---
2025-07-28 22:51:50,075 - INFO - PRAW Reddit instance successfully initialized.
2025-07-28 22:51:50,075 - INFO - Reddit instance initialized for subreddit: DotA2 within prepare_data.
2025-07-28 22:51:50,076 - INFO - Database file 'C:\Users\Destiny\OneDrive - HWR Berlin\Desktop\Schule\HWR\1 Abschlussarbeit\Code\data\processed\reddit_dota2_analysis.db' does not exist.
2025-07-28 22:51:50,076 - INFO - 
No processed data found in 'reddit_dota2_analysis.db'. Proceeding with data collection and processing.
2025-07-28 22:51:50,076 - INFO - 
--- DATENSAMMLUNG ---
2025-07-28 22:51:50,076 - INFO - 
Collecting data for TI8...
2025-07-28 22:51:50,076 - INFO - 
Searching for posts with query: 'OG TI8' from 2018-08-10 to 2018-08-27...
2025-07-28 22:51:55,011 - INFO -   - Found 226 posts via search for 'OG TI8'.
2025-07-28 22:52:11,447 - INFO -   - Found 994 posts via top (time_filter='year').
2025-07-28 22:52:11,448 - INFO - Found 53 unique submissions for 'OG TI8' within the date range.
2025-07-28 22:52:11,448 - INFO - Processing comments from the top 15 highest-scoring submissions...
2025-07-28 22:52:11,448 - INFO -   Processing comments for post 1 of 15 (ID: 9ackao, Score: 20844)...
2025-07-28 22:52:17,154 - INFO -     Found 771 comments (including replies) initially for this post.
2025-07-28 22:52:17,161 - INFO -   Processing comments for post 2 of 15 (ID: 9as9i2, Score: 3316)...
2025-07-28 22:52:24,233 - INFO -     Found 791 comments (including replies) initially for this post.
2025-07-28 22:52:24,240 - INFO -   Processing comments for post 3 of 15 (ID: 9af8zx, Score: 2320)...
2025-07-28 22:52:28,401 - INFO -     Found 606 comments (including replies) initially for this post.
2025-07-28 22:52:28,408 - INFO -   Processing comments for post 4 of 15 (ID: 9a9q34, Score: 1746)...
2025-07-28 22:52:37,619 - INFO -     Found 781 comments (including replies) initially for this post.
2025-07-28 22:52:37,626 - INFO -   Processing comments for post 5 of 15 (ID: 9ad8an, Score: 1711)...
2025-07-28 22:52:40,790 - INFO -     Found 379 comments (including replies) initially for this post.
2025-07-28 22:52:40,797 - INFO -   Processing comments for post 6 of 15 (ID: 98r57a, Score: 1140)...
2025-07-28 22:52:42,070 - INFO -     Found 103 comments (including replies) initially for this post.
2025-07-28 22:52:42,076 - INFO -   Processing comments for post 7 of 15 (ID: 9903ix, Score: 915)...
